_C_5944_5f6ef019_20 cc 0 8 1 0 0 
_C_5944_5f6ef019_1 84 0 40 0 0 0 0 0 
_C_5944_5f6ef019_c 8c 0 48 0 0 65202574 0 2074696d 0 40 
_C_5944_5f6ef019_d 8c 0 210 0 0 20202573 0 20202020 0 20202020 0 20202020 0 20202020 0 3136680a 0 20202530 0 20202020 0 65642020 0 70656374 0 20206578 0 3136680a 0 74202530 0 2c20676f 0 726f6e67 0 75742077 0 646f 
_C_5944_5f6ef019_24 cc 0 a0 1 0 646f7574 0 206f6e20 0 74696d65 0 6f6c6420 0 4e6f2068 
_C_5944_5f6ef019_22 cc 0 8 1 0 20 
_C_5944_5f6ef019_1f cc 0 130 1 0 64617461 0 72737420 0 67206669 0 6e64696e 0 74207365 0 6e206e6f 0 20776865 0 75742031 0 7273746f 0 6669 
_C_5944_5f6ef019_a 8c 0 88 0 0 6f636b73 0 6620636c 0 7574206f 0 616e206f 0 72 
_C_5944_5f6ef019_e 8c 0 150 0 0 2e747874 0 65737473 0 6c655f74 0 6d6f6475 0 6861335f 0 32302f73 0 37322f66 0 69732f32 0 6d6f7272 0 6f6d652f 0 2f68 
_C_5944_5f6ef019_f 8c 0 8 0 0 72 
_C_5944_5f6ef019_1e cc 0 100 1 0 206f7574 0 64617461 0 72737420 0 6e206669 0 2031206f 0 206e6f74 0 746f7574 0 66697273 
_C_5944_5f6ef019_5 8c 0 60 0 0 31666e73 0 2025382e 0 20206174 
_C_5944_5f6ef019_23 cc 0 b8 1 0 686f7574 0 20707573 0 65206f6e 0 2074696d 0 686f6c64 0 4e6f20 
_C_5944_5f6ef019_25 cc 0 c0 1 0 746f7574 0 66697273 0 206f6e20 0 74696d65 0 6f6c6420 0 4e6f2068 
_C_5944_5f6ef019_1b cc 0 80 1 0 616e2058 0 20697320 0 746f7574 0 66697273 
_C_5944_5f6ef019_19 9c 0 20 0 40240000 
_C_5944_5f6ef019_18 cc 0 78 1 0 616e2058 0 20697320 0 686f7574 0 507573 
_C_5944_5f6ef019_7 8c 0 190 0 0 2d0a0a0a 0 2d202d20 0 2d202d20 0 2d202d20 0 2d202d20 0 72202d20 0 4572726f 0 2d202d20 0 2d202d20 0 2d202d20 0 2d202d20 0 2d202d20 0 2d20 
_C_5944_5f6ef019_1a cc 0 68 1 0 616e2058 0 68617320 0 6f757420 0 64 
_C_5944_5f6ef019_4 8c 0 190 0 0 202d202d 0 202d202d 0 202d202d 0 202d202d 0 202d202d 0 72726f72 0 202d2045 0 202d202d 0 202d202d 0 202d202d 0 202d202d 0 a2d202d 0 a0a 
_C_5944_5f6ef019_9 84 0 20 0 0 ffffffff 
_C_5944_5f6ef019_10 8c 0 48 0 0 64202578 0 2a632025 0 25 
_C_5944_5f6ef019_12 8c 0 1d0 0 0 6c656674 0 656d7320 0 64206974 0 20202025 0 6b730a20 0 636c6f63 0 30303020 0 2031302c 0 7420696e 0 64206f75 0 75736865 0 74612070 0 6c206461 0 7420616c 0 6e6f 
_C_5944_5f6ef019_2 84 0 600 0 0 80008008 0 80000000 0 80000001 0 0 0 8080 0 80000000 0 80008081 0 80000000 0 8000000a 0 80000000 0 800a 0 0 0 80 0 80000000 0 8002 0 80000000 0 8003 0 80000000 0 8089 0 80000000 0 8b 0 80000000 0 8000808b 0 0 0 8000000a 0 0 0 80008009 0 0 0 88 0 0 0 8a 0 0 0 8009 0 80000000 0 80008081 0 80000000 0 80000001 0 0 0 808b 0 0 0 80008000 0 80000000 0 808a 0 80000000 0 8082 0 0 0 1 0 0 
_C_5944_5f6ef019_13 8c 0 150 0 0 6b0a0a0a 0 626c6f63 0 65726d20 0 70792070 0 20686170 0 27732061 0 2c204974 0 206a6f79 0 77686174 0 a4f6820 0 a0a 
_C_5944_5f6ef019_21 cc 0 8 1 0 5e 
_C_5944_5f6ef019_1d cc 0 120 1 0 63746564 0 65787065 0 77617320 0 696e6720 0 6e6f7468 0 616e6420 0 65642c20 0 70757368 0 596f7520 
_C_5944_5f6ef019_1c 84 0 20 0 0 0 
_C_5944_5f6ef019_14 8c 0 40 0 0 2e766364 0 7065726d 
_C_5944_5f6ef019_16 84 0 20 0 0 1 
_C_5944_5f6ef019_11 8c 0 120 0 0 a25730a 0 63746c79 0 6f727265 0 6e652063 0 65206c69 0 616e646c 0 27742068 0 6469646e 0 596f7520 
_C_5944_5f6ef019_6 8c 0 20 0 0 20202573 
_C_5944_5f6ef019_15 84 0 20 0 0 9 
_C_5944_5f6ef019_8 94 0 20 0 0 0 
_C_5944_5f6ef019_b 94 0 20 0 0 3 
_C_5944_5f6ef019_3 84 0 640 0 0 e 0 0 0 38 0 0 0 3d 0 0 0 2 0 0 0 12 0 0 0 8 0 0 0 15 0 0 0 f 0 0 0 2d 0 0 0 29 0 0 0 27 0 0 0 19 0 0 0 2b 0 0 0 a 0 0 0 3 0 0 0 14 0 0 0 37 0 0 0 6 0 0 0 2c 0 0 0 24 0 0 0 1b 0 0 0 1c 0 0 0 3e 0 0 0 1 0 0 0 0 0 0 
_C_5944_5f6ef019_17 84 0 640 0 0 deaddead 0 deaddead 0 0 0 0 0 0 0 0 0 0 0 0 0 0 0 0 0 0 0 0 0 0 0 0 0 0 0 0 0 0 0 0 0 0 0 0 0 0 0 0 0 0 0 0 0 0 0 0 0 0 0 0 0 0 0 0 0 0 0 0 0 0 0 0 0 0 0 0 0 0 0 0 0 0 0 0 0 0 0 0 0 0 0 0 0 0 0 0 0 0 0 0 0 0 0 0 
